date,floor_price,opening_price,ceiling_price,volume,closing_price
2013-08-01,22.700,22.870,23.310,6473805,23.240
2013-08-02,23.000,23.240,23.540,6539504,23.180
2013-08-05,23.200,23.200,24.600,21593994,24.530
2013-08-06,24.050,24.400,24.610,11219200,24.480
2013-08-07,24.000,24.390,24.800,12051786,24.120
2013-08-08,23.950,24.120,24.440,6409648,24.060
2013-08-09,23.690,24.030,24.160,5372281,24.030
2013-08-12,23.930,24.100,24.450,9989852,24.190
2013-08-13,23.680,24.200,24.200,8178176,23.910
2013-08-14,23.540,23.870,23.960,6494460,23.710
2013-08-15,23.200,23.720,23.890,7149156,23.300
2013-08-16,22.810,23.090,24.380,8777955,22.850
2013-08-19,22.840,22.860,23.360,6284706,23.320
2013-08-20,22.870,23.340,23.600,8507102,22.950
2013-08-21,22.780,23.230,23.270,6261793,22.980
2013-08-22,22.410,22.720,22.960,9798066,22.440
2013-08-23,22.470,22.500,23.150,9499603,22.990
2013-08-26,22.800,23.000,23.030,7170495,23.000
2013-08-27,22.880,22.950,23.570,10414087,23.190
2013-08-28,22.530,23.190,23.190,10510347,22.610
2013-08-29,22.000,22.750,22.850,8720952,22.150
2013-08-30,21.500,22.200,22.270,11783313,21.740
2013-09-02,21.360,21.800,21.890,7923836,21.460
2013-09-03,21.450,21.450,22.090,8030013,22.070
2013-09-04,21.680,22.070,22.070,5110592,21.810
2013-09-05,21.720,21.800,22.260,6436368,22.240
2013-09-06,22.000,22.220,22.350,4352559,22.250
2013-09-09,21.460,22.140,22.140,12344258,21.850
2013-09-10,21.360,21.700,21.700,12190015,21.660
2013-09-11,21.300,21.660,21.700,9252979,21.620
2013-09-12,21.500,21.540,22.070,8001024,21.790
2013-09-13,21.600,21.900,21.970,5489592,21.790
2013-09-16,21.790,21.900,22.200,6768285,21.980
2013-09-17,21.500,21.980,21.980,4516659,21.500
2013-09-18,21.480,21.500,21.840,4419926,21.600
2013-09-23,21.600,21.660,22.410,12760081,22.350
2013-09-24,22.000,22.360,22.440,8853808,22.300
2013-09-25,22.060,22.270,22.430,7401862,22.190
2013-09-26,22.030,22.150,22.630,11319094,22.470
2013-09-27,22.100,22.500,22.680,8086752,22.310
2013-09-30,22.060,22.310,22.600,5190953,22.110
2013-10-08,21.690,22.090,22.330,8075331,22.220
2013-10-09,21.820,22.010,22.070,7728296,22.000
2013-10-10,21.820,22.090,22.500,13620485,21.980
2013-10-11,21.760,21.900,22.380,12987375,22.240
2013-10-14,21.880,22.240,22.720,18914514,22.600
2013-10-15,22.610,22.610,23.910,25276236,23.140
2013-10-16,22.470,23.160,23.170,14915606,22.710
2013-10-17,22.030,22.850,22.970,11502316,22.280
2013-10-18,21.850,22.280,22.500,6652648,22.280
2013-10-21,22.020,22.280,22.500,15363609,22.350
2013-10-22,22.030,22.330,22.340,8620444,22.120
2013-10-23,21.690,22.100,22.370,10131610,21.720
2013-10-24,21.590,21.700,22.110,5368302,21.750
2013-10-25,20.990,21.750,21.820,7342985,21.180
2013-10-28,20.710,21.180,21.270,5971428,20.930
2013-10-29,19.750,21.000,21.130,13449256,20.280
2013-10-30,19.740,20.310,20.580,12929448,20.260
2013-10-31,18.320,19.950,19.950,27679704,18.990
2013-11-01,18.630,18.890,19.250,9247022,18.980
2013-11-04,18.950,18.980,19.350,9271357,19.160
2013-11-05,18.600,19.150,19.150,10780088,18.990
2013-11-06,18.600,19.000,19.090,10397589,18.750
2013-11-07,17.800,18.600,18.720,14642363,18.060
2013-11-08,17.550,18.000,18.060,9894658,17.670
2013-11-11,17.660,17.690,19.050,15444901,18.700
2013-11-12,18.690,18.700,19.300,13433154,19.230
2013-11-13,18.770,19.100,19.260,6742371,18.930
2013-11-14,18.900,18.940,19.550,9490565,19.250
2013-11-15,19.230,19.380,19.860,14343610,19.390
2013-11-18,19.450,19.450,20.080,14245133,19.670
2013-11-19,19.300,19.630,19.700,5982107,19.460
2013-11-20,19.050,19.460,19.720,6701346,19.360
2013-11-21,18.750,19.300,19.300,7448365,19.150
2013-11-22,18.790,19.200,19.300,6854696,18.950
2013-11-25,18.750,18.890,19.200,5276438,19.070
2013-11-26,18.870,19.200,19.240,4102899,18.990
2013-11-27,18.900,19.110,19.180,4410049,19.170
2013-11-28,19.170,19.180,19.590,8706369,19.520
2013-11-29,19.560,19.560,19.840,8923382,19.740
2013-12-02,19.130,19.600,19.760,7903081,19.160
2013-12-03,19.100,19.100,19.990,8459779,19.800
2013-12-04,19.800,19.880,20.560,13778699,20.400
2013-12-05,20.230,20.390,21.110,17326336,20.820
2013-12-06,20.350,20.850,20.850,6831056,20.700
2013-12-09,20.200,20.600,20.800,6174186,20.280
2013-12-10,20.170,20.280,20.470,4995701,20.300
2013-12-11,20.130,20.200,20.480,4004527,20.430
2013-12-12,20.190,20.360,21.000,7882041,20.860
2013-12-13,20.510,20.650,21.150,6397663,21.000
2013-12-16,20.300,21.000,21.260,6477661,20.380
2013-12-17,20.300,20.300,21.060,6614574,20.400
2013-12-18,20.400,20.400,20.860,4276891,20.770
2013-12-19,20.350,20.850,20.930,6055595,20.400
2013-12-20,19.980,20.360,20.800,5509044,20.140
2013-12-23,19.980,20.000,20.910,7100245,20.860
2013-12-24,20.560,20.850,21.150,6366100,20.890
2013-12-25,20.650,20.900,21.030,6316592,20.840
2013-12-26,20.600,20.700,20.990,3138558,20.700
2013-12-27,20.650,20.700,20.930,4604763,20.870
2013-12-30,20.850,20.870,21.100,5844509,20.990
2013-12-31,20.790,20.800,21.590,8322367,21.400
2014-01-02,21.230,21.310,21.700,5096443,21.460
2014-01-03,20.370,21.400,21.450,9945683,20.790
2014-01-06,20.220,20.680,20.680,5171376,20.240
2014-01-07,19.860,20.100,20.250,5364241,20.000
2014-01-08,20.000,20.000,20.390,5186841,20.230
2014-01-09,19.970,20.200,20.290,3824827,20.020
2014-01-10,18.960,19.900,20.010,9143400,19.240
2014-01-13,19.010,19.300,19.300,4283805,19.220
2014-01-14,19.120,19.220,19.560,3426150,19.490
2014-01-15,19.490,19.490,20.000,4878185,19.830
2014-01-16,19.760,19.840,20.100,2931624,19.910
2014-01-17,19.600,20.010,20.010,2813683,19.730
2014-01-20,19.250,19.600,19.710,4621019,19.430
2014-01-21,19.430,19.490,20.070,2911691,19.980
2014-01-22,19.750,19.980,20.110,4602530,20.100
2014-01-23,19.880,20.100,20.150,3955330,19.920
2014-01-24,19.410,19.950,20.070,8548517,19.540
2014-01-27,19.030,19.470,19.470,7097953,19.070
2014-01-28,19.030,19.060,19.450,5427807,19.130
2014-01-29,18.880,19.180,19.270,6456224,18.980
2014-01-30,18.380,19.000,19.040,6490546,18.580
2014-02-07,18.520,18.550,18.980,8121576,18.700
2014-02-10,18.730,18.770,19.280,12382450,19.100
2014-02-11,19.100,19.170,20.150,17814676,19.890
2014-02-12,19.680,19.920,20.030,6691717,19.910
2014-02-13,19.500,19.890,19.890,6408027,19.610
2014-02-14,19.540,19.540,19.820,5257374,19.690
2014-02-17,19.580,19.820,19.890,6782577,19.720
2014-02-18,19.180,19.730,19.730,12105300,19.240
2014-02-19,18.970,19.230,19.290,10187290,19.130
2014-02-20,19.210,19.250,19.780,12876519,19.350
2014-02-21,19.000,19.330,19.460,8159687,19.100
2014-02-24,18.580,19.000,19.010,7533995,18.930
2014-02-25,18.160,18.930,19.200,11637149,18.490
2014-02-26,18.190,18.400,18.700,5818194,18.610
2014-02-27,18.010,18.610,18.630,7333119,18.290
2014-02-28,17.680,18.200,18.500,7325072,18.430
2014-03-03,18.050,18.330,18.720,7406000,18.480
2014-03-04,18.200,18.480,18.480,4610558,18.280
2014-03-05,17.960,18.350,18.390,5729945,18.170
2014-03-06,17.750,18.110,18.320,5471302,18.230
2014-03-07,18.000,18.170,18.720,10361075,18.560
2014-03-10,17.900,18.350,18.440,7486115,18.140
2014-03-11,18.000,18.060,18.290,5597031,18.270
2014-03-12,17.900,18.280,18.300,4163272,18.240
2014-03-13,17.990,18.200,18.370,4867485,18.250
2014-03-14,17.970,18.180,18.230,4872640,18.160
2014-03-17,17.990,18.170,18.190,5344298,18.160
2014-03-18,18.080,18.150,18.500,8774661,18.360
2014-03-19,17.970,18.320,18.320,5262316,18.080
2014-03-20,17.550,18.050,18.080,9344588,17.640
2014-03-21,17.100,17.600,17.760,11181628,17.710
2014-03-24,17.470,17.730,17.760,5374950,17.710
2014-03-25,17.680,17.730,18.090,7687925,18.060
2014-03-26,17.910,18.090,18.160,3973784,18.040
2014-03-27,17.700,18.050,18.130,5316072,17.760
2014-03-28,17.250,17.710,17.900,4861943,17.620
2014-03-31,17.340,17.600,17.730,3994110,17.350
2014-04-01,17.280,17.350,17.520,3766527,17.510
2014-04-02,17.210,17.500,17.560,2236052,17.450
2014-04-03,17.450,17.550,17.630,2572533,17.500
2014-04-04,17.410,17.500,17.640,2427708,17.630
2014-04-08,17.530,17.620,17.920,5611793,17.910
2014-04-09,17.780,17.950,17.970,4326345,17.900
2014-04-10,17.680,17.910,17.960,6671200,17.780
2014-04-11,17.780,17.780,18.480,19607092,18.390
2014-04-14,18.100,18.390,18.400,6135270,18.220
2014-04-15,17.830,18.220,18.220,6837297,17.850
2014-04-16,17.650,17.860,18.070,6404284,17.800
2014-04-17,17.590,17.810,17.900,5483663,17.640
2014-04-18,17.490,17.600,17.690,7377167,17.670
2014-04-21,17.450,17.630,17.740,4141247,17.460
2014-04-22,17.200,17.460,17.570,4358143,17.400
2014-04-23,17.350,17.370,17.480,2264248,17.400
2014-04-24,17.380,17.390,17.550,2682737,17.400
2014-04-25,17.160,17.460,17.460,3982498,17.170
2014-04-28,16.500,17.170,17.230,5597545,17.050
2014-04-29,16.720,16.940,17.020,3763579,17.010
2014-04-30,16.750,17.000,17.050,3258503,16.990
2014-05-05,16.880,17.000,17.090,3434327,17.010
2014-05-06,16.880,17.010,17.160,5272787,16.960
2014-05-07,16.650,16.910,16.920,4668399,16.660
2014-05-08,16.600,16.600,16.890,4090498,16.660
2014-05-09,16.600,16.740,16.770,2333292,16.660
2014-05-12,16.730,16.800,16.970,5277234,16.930
2014-05-13,16.770,16.930,16.990,4621616,16.850
2014-05-14,16.680,16.830,16.830,3054694,16.730
2014-05-15,16.560,16.730,16.770,2930303,16.590
2014-05-16,16.540,16.550,16.760,2287643,16.740
2014-05-19,16.500,16.770,16.780,4209158,16.540
2014-05-20,16.450,16.550,16.780,2510121,16.480
2014-05-21,16.350,16.450,16.560,2726919,16.560
2014-05-22,16.510,16.550,16.710,3911195,16.670
2014-05-23,16.620,16.650,16.800,2857801,16.780
2014-05-26,16.820,16.900,17.130,7072162,17.000
2014-05-27,16.880,17.000,17.050,2519103,16.910
2014-05-28,16.770,16.940,16.980,3470903,16.900
2014-05-29,16.860,16.900,17.070,4223757,16.880
2014-05-30,16.720,16.920,16.920,2719451,16.870
2014-06-03,16.750,16.880,16.940,3125504,16.760
2014-06-04,16.510,16.730,16.750,3078044,16.630
2014-06-05,16.520,16.610,16.720,2677579,16.690
2014-06-06,16.670,16.700,16.830,2983916,16.770
2014-06-09,16.510,16.770,16.810,2220040,16.730
2014-06-10,16.580,16.720,16.860,3086804,16.830
2014-06-11,16.750,16.810,17.060,6820567,17.020
2014-06-12,16.880,17.020,17.050,3769814,17.000
2014-06-13,16.950,17.020,17.230,4702571,17.130
2014-06-16,16.910,17.130,17.190,4289057,17.120
2014-06-17,16.940,17.120,17.290,4765085,17.020
2014-06-18,16.900,17.030,17.070,3976059,16.990
2014-06-19,16.620,17.000,17.020,3526072,16.940
2014-06-20,16.720,16.890,16.980,3142789,16.860
2014-06-23,16.690,16.850,16.860,3897914,16.800
2014-06-24,16.670,16.760,16.820,7015853,16.770
2014-06-25,16.760,16.780,16.920,3360144,16.900
2014-06-26,16.900,16.950,17.200,6749235,17.170
2014-06-27,17.050,17.140,17.310,8255877,17.250
2014-06-30,17.220,17.220,17.570,8696222,17.430
2014-07-01,17.150,17.490,17.500,8888949,17.290
2014-07-02,17.110,17.400,17.400,4330843,17.230
2014-07-03,17.160,17.200,17.690,10934336,17.660
2014-07-04,17.460,17.660,17.670,4202094,17.520
2014-07-07,17.460,17.530,17.710,4594971,17.500
2014-07-08,17.340,17.510,17.570,4021526,17.500
2014-07-09,17.150,17.500,17.500,4578764,17.280
2014-07-10,17.190,17.280,17.390,4658498,17.330
2014-07-11,17.210,17.300,17.540,5092001,17.440
2014-07-14,17.360,17.460,17.580,4791705,17.570
2014-07-15,17.490,17.550,17.860,8704577,17.750
2014-07-16,17.660,17.750,18.080,11967342,17.870
2014-07-17,17.610,17.890,17.930,4747923,17.670
2014-07-18,17.600,17.670,18.050,7118680,17.860
2014-07-21,17.710,17.860,18.420,16766365,18.320
2014-07-22,18.160,18.260,18.420,8613370,18.230
2014-07-23,18.050,18.220,18.430,6075676,18.140
2014-07-24,18.020,18.180,18.410,9004377,18.310
2014-07-25,18.200,18.310,18.590,7409934,18.340
2014-07-28,18.400,18.400,18.680,12811545,18.530
2014-07-29,18.460,18.530,19.080,17313692,18.920
2014-07-30,18.810,18.920,19.500,17756132,19.310
2014-07-31,19.240,19.300,20.080,21765184,19.940
2014-08-01,19.550,19.900,20.100,17272428,19.620
2014-08-04,19.400,19.610,19.900,11928450,19.790
2014-08-05,19.090,19.750,19.810,15397871,19.330
2014-08-06,19.110,19.220,19.490,8586729,19.390
2014-08-07,19.250,19.400,19.490,6301387,19.330
2014-08-08,18.870,19.290,19.320,8136601,19.190
2014-08-11,19.120,19.180,19.740,12228405,19.630
2014-08-12,19.270,19.630,19.630,6840315,19.500
2014-08-13,19.010,19.400,19.400,7842709,19.130
2014-08-14,18.890,19.150,19.210,6329646,18.900
2014-08-15,18.830,18.880,19.180,5253590,19.070
2014-08-18,19.030,19.100,19.310,8041900,19.150
2014-08-19,19.030,19.150,19.320,12682584,19.240
2014-08-20,19.120,19.200,19.340,5500370,19.190
2014-08-21,18.770,19.160,19.220,7930556,18.840
2014-08-22,18.700,18.850,19.060,6292630,19.000
2014-08-25,18.750,18.990,18.990,3836179,18.800
2014-08-26,18.210,18.800,18.930,8160448,18.370
2014-08-27,18.210,18.360,18.560,4981203,18.350
2014-08-28,18.190,18.350,18.520,5504133,18.480
2014-08-29,18.410,18.480,18.790,4499008,18.720
2014-09-01,18.620,18.720,18.900,4388463,18.770
2014-09-02,18.770,18.780,19.000,6661605,18.950
2014-09-03,18.900,18.910,19.080,6442124,18.950
2014-09-04,18.650,18.950,18.980,11492622,18.810
2014-09-05,18.780,18.820,19.150,11095546,19.130
2014-09-09,18.880,19.160,19.170,7792583,19.020
2014-09-10,18.800,18.920,18.960,6231498,18.890
2014-09-11,18.640,18.850,19.040,10700752,18.710
2014-09-12,18.600,18.700,18.760,6915375,18.740
2014-09-15,18.560,18.740,18.740,9941315,18.630
2014-09-16,18.240,18.640,18.690,12536633,18.280
2014-09-17,18.250,18.280,18.540,7356828,18.490
2014-09-18,18.400,18.510,18.740,7856474,18.550
2014-09-19,18.540,18.550,18.640,5461964,18.610
2014-09-22,18.280,18.620,18.620,9270059,18.310
2014-09-23,18.300,18.310,18.520,5384904,18.440
2014-09-24,18.360,18.440,18.770,9276137,18.740
2014-09-25,18.710,18.760,19.010,11369613,18.820
2014-09-26,18.720,18.800,18.970,5411219,18.870
2014-09-29,18.880,18.950,19.140,8756036,18.910
2014-09-30,18.820,18.980,19.000,7500310,18.940
2014-10-08,18.820,19.000,19.680,24221616,19.660
2014-10-09,19.180,19.660,19.660,15273918,19.440
2014-10-10,19.200,19.300,19.590,8969895,19.270
2014-10-13,18.980,19.270,19.450,12675609,19.360
2014-10-14,19.160,19.360,19.360,9107896,19.230
2014-10-15,19.140,19.200,19.690,16233871,19.600
2014-10-16,19.310,19.520,19.900,16934582,19.380
2014-10-17,18.930,19.210,19.390,9821597,19.190
2014-10-20,19.150,19.200,19.610,8227997,19.490
2014-10-21,19.220,19.480,19.500,5600526,19.240
2014-10-22,18.650,19.210,19.250,7944960,18.690
2014-10-23,18.300,18.690,18.810,7126043,18.410
2014-10-24,18.280,18.440,18.530,4158120,18.470
2014-10-27,18.240,18.450,18.610,3676133,18.550
2014-10-28,18.560,18.560,18.800,4783779,18.780
2014-10-29,18.560,18.840,18.870,7607542,18.690
2014-10-30,18.660,18.750,18.960,7075180,18.720
2014-10-31,18.500,18.840,18.910,8020245,18.730
2014-11-03,18.670,18.730,18.960,7112944,18.870
2014-11-04,18.450,18.870,18.870,10306142,18.460
2014-11-05,18.070,18.430,18.540,17948852,18.100
2014-11-06,17.980,18.110,18.220,13318329,18.180
2014-11-07,18.060,18.130,18.300,9178884,18.190
2014-11-10,18.330,18.330,18.650,12454295,18.530
2014-11-11,18.540,18.590,19.260,29335208,18.800
2014-11-12,18.530,18.740,19.040,12966959,18.980
2014-11-13,18.630,18.960,18.960,10168657,18.770
2014-11-14,18.620,18.730,19.460,31168384,19.430
2014-11-17,19.100,19.860,19.970,18875202,19.160
2014-11-18,18.700,19.060,19.160,12602971,18.760
2014-11-19,18.680,18.760,19.400,17218450,19.400
2014-11-20,19.150,19.280,19.500,14596915,19.470
2014-11-21,19.190,19.400,19.520,12393522,19.450
2014-11-24,19.300,19.550,19.890,19999458,19.670
2014-11-25,19.460,19.620,19.970,16953228,19.960
2014-11-26,19.770,19.920,20.120,18670152,20.110
2014-11-27,19.900,20.140,20.250,16529117,20.070
2014-11-28,19.790,19.980,20.150,16543638,19.960
2014-12-01,19.760,19.970,20.850,25435934,20.540
2014-12-02,20.360,20.540,20.780,14312930,20.560
2014-12-03,20.430,20.520,21.200,18802228,20.830
2014-12-04,20.900,20.900,22.360,25007684,21.840
2014-12-05,20.700,21.880,22.250,27991812,22.230
2014-12-08,21.500,22.070,22.500,29103732,22.180
2014-12-09,21.250,22.500,22.500,35371852,21.680
2014-12-10,21.610,21.610,22.950,24974362,22.680
2014-12-11,21.800,22.700,22.700,16503557,22.120
2014-12-12,21.830,22.110,22.270,14895156,22.110
2014-12-15,21.600,22.000,22.240,14812740,22.120
2014-12-16,21.610,22.000,22.030,12440352,21.820
2014-12-17,21.290,21.790,21.900,14521991,21.630
2014-12-18,21.550,21.560,22.060,10874573,21.780
2014-12-19,21.450,21.740,21.860,11122892,21.760
2014-12-22,20.600,21.760,21.760,19501688,20.990
2014-12-23,20.500,21.000,21.340,11382727,21.070
2014-12-24,20.760,20.880,21.400,8894690,21.150
2014-12-25,21.000,21.100,21.540,9592848,21.300
2014-12-26,20.500,21.280,21.380,15902362,20.910
2014-12-29,20.610,20.900,21.500,13618818,21.050
2014-12-30,20.800,20.900,22.090,25457468,22.050
2014-12-31,21.760,22.010,22.650,20177818,22.430
2015-01-05,22.010,22.500,22.690,18037840,22.400
2015-01-06,22.100,22.210,24.640,46527860,24.360
2015-01-07,23.330,24.000,24.180,25269304,23.860
2015-01-08,23.500,23.840,24.360,16614440,23.660
2015-01-09,23.510,23.550,24.150,14022590,23.590
2015-01-12,22.870,23.460,24.050,13862258,23.880
2015-01-13,23.750,23.880,24.700,15230790,23.820
2015-01-14,23.480,23.650,24.170,8588829,23.930
2015-01-15,23.720,23.900,24.250,7823721,23.930
2015-01-16,23.730,23.990,24.470,10551121,24.430
2015-01-19,22.380,23.950,24.340,16590201,22.880
2015-01-20,22.950,22.950,23.590,10977863,23.390
2015-01-21,23.010,23.420,23.690,13000493,23.680
2015-01-22,23.380,23.590,23.960,10640387,23.870
2015-01-23,23.380,23.760,23.950,7979336,23.440
2015-01-26,23.310,23.430,24.320,12618067,24.200
2015-01-27,23.200,24.210,24.420,13330986,23.670
2015-01-28,23.200,23.550,23.830,9467372,23.270
2015-01-29,22.800,23.010,23.250,7821123,22.880
2015-01-30,22.510,22.990,23.190,7880595,22.580
2015-02-02,22.020,22.450,22.500,7851147,22.150
2015-02-03,22.160,22.310,22.620,8625375,22.440
2015-02-04,22.140,22.470,22.720,7676069,22.160
2015-02-05,22.030,22.440,22.700,7702711,22.060
2015-02-06,20.000,22.000,22.880,12691505,22.610
2015-02-09,22.030,22.360,22.670,7898083,22.220
2015-02-10,20.990,22.020,22.220,15609445,21.450
2015-02-11,21.150,21.300,21.800,10063665,21.760
2015-02-12,21.320,21.670,21.670,7595307,21.490
2015-02-13,21.480,21.550,22.210,12617160,21.930
2015-02-16,21.840,21.900,22.380,8882412,22.210
2015-02-17,22.350,22.350,22.790,8881919,22.570
2015-02-25,22.110,22.630,22.630,7904344,22.330
2015-02-26,22.330,22.460,22.580,6609300,22.560
2015-02-27,22.400,22.520,22.670,9263796,22.540
2015-03-02,22.200,22.560,22.560,12076310,22.460
2015-03-03,22.260,22.330,22.970,17418544,22.860
2015-03-04,22.580,22.860,23.400,17010356,23.260
2015-03-05,22.760,23.000,23.730,17173952,23.000
2015-03-06,22.300,23.000,23.000,10974602,22.520
2015-03-09,22.150,22.340,22.710,8978304,22.700
2015-03-10,22.460,22.580,22.770,9538736,22.710
2015-03-11,22.350,22.710,22.840,7992681,22.450
2015-03-12,22.300,22.460,22.870,11474428,22.740
2015-03-13,22.550,22.750,22.990,10033444,22.660
2015-03-16,22.600,22.720,23.830,28437566,23.670
2015-03-17,23.180,23.600,23.730,20642952,23.360
2015-03-18,23.150,23.350,23.660,19389324,23.650
2015-03-19,23.410,23.620,24.060,24545788,24.010
2015-03-20,23.750,23.920,24.240,28100168,24.110
2015-03-23,24.030,24.160,24.540,22977052,24.460
2015-03-24,24.100,24.600,26.800,47332660,26.310
2015-03-25,25.780,26.090,27.030,34397092,26.990
2015-03-26,26.080,26.550,26.900,20168592,26.180
2015-03-27,26.000,26.170,26.620,13946199,26.180
2015-03-30,25.820,26.220,26.440,16125626,26.230
2015-03-31,26.070,26.250,26.840,18352860,26.100
2015-04-01,26.010,26.010,26.770,15904698,26.440
2015-04-02,26.100,26.500,26.880,18535296,26.480
2015-04-03,26.220,26.480,27.540,25953568,27.350
2015-04-07,27.480,27.480,28.880,37052824,28.800
2015-04-08,28.010,28.780,29.510,42075584,29.210
2015-04-09,27.910,29.310,30.240,31725700,29.700
2015-04-10,29.090,29.190,30.780,24234830,30.500
2015-04-13,29.810,30.450,31.800,35859696,31.750
2015-04-14,31.990,32.880,34.130,40935196,33.890
2015-04-15,31.300,33.880,33.880,23267264,31.680
2015-04-16,30.900,31.300,33.110,23391108,32.950
2015-04-17,32.710,33.100,34.150,32680630,33.200
2015-04-20,30.880,33.000,33.000,34099896,31.990
2015-04-21,31.460,31.800,33.150,19729394,32.910
2015-04-22,32.610,32.800,35.000,17120876,33.530
2015-04-23,32.950,33.960,33.960,14027903,33.060
2015-04-24,31.800,32.500,33.480,17208280,32.140
2015-04-27,31.900,32.160,33.130,16994912,32.740
2015-04-28,32.420,33.390,34.370,28387256,33.320
2015-04-29,32.280,32.580,33.640,13959795,33.180
2015-04-30,32.180,33.360,33.750,16611679,32.210
2015-05-04,30.870,32.210,32.210,18955814,31.240
2015-05-05,30.010,31.010,31.620,13214541,30.550
2015-05-06,30.010,30.650,31.200,13839318,30.130
2015-05-07,28.840,30.170,30.700,15105406,29.410
2015-05-08,29.600,29.990,31.010,15995184,31.000
2015-05-11,31.000,31.000,33.100,25649850,32.980
2015-05-12,32.000,33.000,33.040,18964696,32.590
2015-05-13,32.030,32.400,32.850,12409982,32.370
2015-05-14,31.810,32.350,33.000,13085826,32.030
2015-05-15,30.670,31.860,31.870,13150766,31.060
2015-05-18,30.350,30.720,31.680,15087850,31.060
2015-05-19,30.660,31.060,31.700,13854049,31.490
2015-05-20,31.500,31.580,32.550,20582756,31.830
2015-05-21,31.810,31.840,33.000,17236284,32.980
2015-05-22,32.500,33.080,33.750,24714204,33.090
2015-05-25,33.100,33.100,36.400,59726156,36.400
2015-05-26,36.100,36.550,37.250,57015964,36.580
2015-05-27,35.580,36.600,40.010,39804828,38.720
2015-05-28,36.000,38.760,40.790,44954364,36.850
2015-05-29,35.900,36.750,38.650,32679464,38.340
2015-06-01,38.880,38.880,41.980,35175628,41.880
2015-06-02,40.680,41.800,42.760,30175100,42.460
2015-06-03,40.000,42.500,44.500,28719800,42.740
2015-06-04,38.900,42.300,42.630,22566200,42.320
2015-06-05,40.880,42.400,43.880,29002592,42.730
2015-06-08,40.780,42.500,42.800,24489604,42.430
2015-06-09,40.860,41.980,42.000,18215560,41.370
2015-06-10,40.420,41.000,41.660,17150796,41.040
2015-06-11,40.130,41.040,41.690,23009648,41.620
2015-06-12,41.410,41.680,43.380,26045364,42.100
2015-06-15,41.900,42.400,43.800,25526308,43.090
2015-06-16,40.040,42.220,43.000,22763340,40.330
2015-06-17,38.890,40.210,41.200,18160864,40.690
2015-06-18,39.380,40.400,41.170,12448304,39.510
2015-06-19,35.800,39.000,39.110,16521929,37.100
2015-06-23,35.260,37.000,40.360,22229376,39.600
2015-06-24,38.800,39.100,41.130,20733658,40.440
2015-06-25,38.000,40.440,41.500,18041296,39.180
2015-06-26,35.260,37.680,39.200,24009736,35.260
2015-06-29,31.730,36.980,36.980,32902912,32.720
2015-06-30,29.450,29.610,35.990,48833268,35.910
2015-07-01,32.980,35.870,36.700,28198848,33.030
2015-07-02,29.730,33.130,33.850,35068344,29.810
2015-07-03,26.830,29.500,30.510,44246388,26.830
2015-07-06,24.600,29.510,29.510,58284264,27.800
2015-07-07,25.020,26.600,27.700,49868536,25.060
2015-07-08,22.550,22.550,22.550,26960000,22.550
2015-07-09,20.550,22.550,24.810,40902756,24.810
2015-07-10,26.080,26.600,27.290,55902192,27.290
2015-07-13,28.030,28.100,30.020,59119116,30.020
2015-07-14,28.500,30.120,31.490,49415564,29.600
2015-07-15,26.640,28.700,29.080,30537604,26.640
2015-07-16,24.900,26.640,28.590,41055112,28.330
2015-07-17,28.350,28.350,30.400,21781012,30.180
2015-07-20,29.200,29.820,31.160,21890472,30.100
2015-07-21,29.130,29.600,30.500,19717304,30.000
2015-07-22,28.700,29.980,30.500,19113624,29.750
2015-07-23,29.830,29.830,31.400,27983028,31.160
2015-07-24,30.500,31.160,32.290,38456288,30.730
2015-07-27,27.660,30.000,30.960,24167998,27.680
2015-07-28,25.940,27.120,28.800,30467748,28.290
2015-07-29,28.100,28.410,29.990,21372244,29.950
2015-07-30,29.110,29.850,31.100,29618428,29.550
2015-07-31,29.100,29.100,30.520,13974622,30.050
2015-08-03,29.440,30.080,31.490,20336060,30.670
2015-08-04,30.410,30.900,31.940,24602408,31.800
2015-08-05,30.400,31.510,31.870,14858737,30.520
2015-08-06,29.910,30.110,30.790,8954203,30.050
2015-08-07,29.730,30.200,30.500,8740196,30.150
2015-08-10,30.280,30.280,31.600,23058092,31.490
2015-08-11,30.450,31.290,31.570,18825168,30.930
2015-08-12,29.960,30.400,31.120,17631400,29.990
2015-08-13,29.300,29.300,30.300,12182951,30.270
2015-08-14,30.000,30.300,31.200,16017390,30.640
2015-08-17,30.080,30.640,31.500,18115720,31.400
2015-08-18,28.570,31.410,31.550,20436584,29.000
2015-08-19,27.800,27.950,29.690,14329558,29.580
2015-08-20,28.770,29.200,29.600,10501109,28.820
2015-08-21,26.800,28.650,28.650,12829696,27.020
2015-08-24,24.320,25.120,26.450,27580974,24.320
2015-08-25,21.890,22.620,24.250,32657784,21.890
2015-08-26,20.700,22.020,24.080,30941760,22.470
2015-08-27,22.650,23.050,24.010,23424408,23.980
2015-08-28,23.880,24.200,25.500,18166196,25.140
2015-08-31,23.800,24.600,24.860,16942030,24.820
2015-09-01,22.750,24.750,24.750,21163404,24.030
2015-09-02,22.740,23.020,24.350,24803988,24.120
2015-09-07,23.370,24.000,25.000,11107310,23.550
2015-09-08,23.030,23.400,24.420,8215850,24.380
2015-09-09,24.400,24.590,25.380,12597180,25.140
2015-09-10,24.320,24.810,25.070,8730445,24.580
2015-09-11,23.710,24.450,24.780,6974995,24.010
2015-09-14,22.680,24.100,24.300,16112659,23.830
2015-09-15,22.500,23.300,23.500,8228924,22.600
2015-09-16,22.620,22.730,24.480,9511645,24.050
2015-09-17,23.230,23.610,24.300,9184435,23.280
2015-09-18,22.950,23.490,23.590,5355345,23.190
2015-09-21,22.810,22.930,23.750,8862073,23.480
2015-09-22,23.300,23.520,23.970,10320182,23.800
2015-09-23,23.270,23.550,24.110,6660373,23.760
2015-09-24,23.710,23.800,24.200,5569255,24.040
2015-09-25,22.980,24.040,24.100,5561271,23.280
2015-09-28,22.750,23.210,23.300,7166266,23.040
2015-09-29,22.030,22.800,22.890,8164055,22.300
2015-09-30,22.310,22.320,22.570,3051666,22.470
2015-10-08,23.810,24.010,24.470,17990412,23.940
2015-10-09,23.350,24.000,24.100,10398363,24.050
2015-10-12,24.050,24.070,25.340,14983192,25.030
2015-10-13,24.700,24.930,25.510,10581332,25.370
2015-10-14,24.800,25.200,25.300,7494184,24.920
2015-10-15,24.710,24.860,25.570,7683317,25.500
2015-10-16,25.360,25.770,25.970,12447478,25.950
2015-10-19,25.050,26.000,26.280,13142771,25.240
2015-10-20,25.110,25.240,25.900,10524843,25.860
2015-10-21,24.700,25.890,26.350,15958163,25.040
2015-10-22,24.800,25.210,25.790,7765208,25.590
2015-10-23,25.620,26.000,27.800,21212396,26.830
2015-10-26,26.340,27.040,27.350,13690078,26.990
2015-10-27,26.000,26.730,26.870,9058753,26.820
2015-10-28,25.900,26.840,27.140,7502439,26.000
2015-10-29,25.000,26.030,26.290,9724295,25.970
2015-10-30,25.300,25.850,25.860,7304044,25.590
2015-11-02,25.000,25.380,25.550,7604429,25.070
2015-11-03,24.800,25.150,25.320,7219168,24.990
2015-11-04,25.100,25.150,26.050,12587355,25.990
2015-11-05,25.810,25.910,27.000,29519826,26.690
2015-11-06,26.430,26.540,27.100,13383054,27.000
2015-11-09,26.810,27.000,27.670,14280926,27.510
2015-11-10,26.920,27.500,27.630,10974425,27.120
2015-11-11,26.560,27.030,27.250,11277392,27.010
2015-11-12,26.700,27.020,27.440,13081709,27.180
2015-11-13,26.150,26.650,26.950,10635699,26.250
2015-11-16,25.750,25.900,26.340,8888414,26.330
2015-11-17,26.260,26.410,27.080,17545016,26.370
2015-11-18,26.380,26.600,26.860,12775731,26.630
2015-11-19,26.720,26.720,27.970,18907736,27.950
2015-11-20,27.200,27.950,27.990,10675612,27.530
2015-11-23,26.890,27.400,27.550,9037503,27.080
2015-11-24,26.480,27.250,27.250,12163004,26.810
2015-11-25,26.400,26.700,27.020,12334963,26.990
2015-11-26,26.400,27.000,27.100,12717397,26.590
2015-11-27,25.500,26.380,26.600,14254226,25.570
2015-11-30,25.610,25.900,26.600,19374172,26.590
2015-12-01,26.010,26.450,28.460,30375068,28.210
2015-12-02,27.760,27.920,29.100,28366390,28.730
2015-12-03,28.080,28.500,29.340,19097024,28.960
2015-12-04,28.140,28.830,28.830,11246598,28.210
2015-12-07,28.300,28.300,31.030,39154441,31.030
2015-12-08,30.670,31.000,34.130,47121216,33.530
2015-12-09,32.100,33.400,34.100,22436563,33.540
2015-12-10,32.700,33.200,35.950,23896626,33.460
2015-12-11,33.030,33.400,34.980,20489860,34.530
2015-12-14,34.150,34.150,35.500,25520924,35.340
2015-12-15,34.180,34.630,35.300,19685870,34.540
2015-12-16,33.080,34.170,34.490,16090087,33.690
2015-12-17,33.550,33.700,37.060,32948438,37.060
2015-12-18,36.000,36.280,38.930,30084146,36.960
2015-12-21,37.100,37.100,40.660,40739000,40.660
2015-12-22,40.000,41.800,42.940,38404752,41.100
2015-12-23,40.310,42.100,44.500,41060448,41.310
2015-12-24,37.390,40.400,40.400,28755456,38.450
2015-12-25,37.390,38.600,39.160,23089659,38.500
2015-12-28,37.010,38.490,41.050,35817322,39.360
2015-12-29,37.200,38.500,43.300,36748394,40.870
2015-12-30,39.890,40.850,42.280,23658623,40.710
2015-12-31,39.720,40.150,44.700,55636149,44.610
2016-01-04,40.150,43.880,43.880,25193452,40.150
2016-01-05,36.140,36.650,39.530,37011441,36.590
2016-01-06,34.800,36.550,37.200,26508603,36.790
2016-01-07,33.110,35.500,35.700,5880700,33.110
2016-01-08,31.210,33.500,34.500,22406077,33.170
2016-01-11,30.650,32.000,33.890,16889283,31.000
2016-01-12,31.100,31.800,33.970,21958605,32.860
2016-01-13,31.200,33.080,33.230,14790950,31.460
2016-01-14,30.020,30.400,33.300,16342071,33.000
2016-01-15,31.370,33.000,33.600,15262016,31.880
2016-01-18,31.050,31.050,32.730,11228746,31.960
2016-01-19,31.560,31.560,33.260,14802603,33.010
2016-01-20,31.680,32.710,32.880,13390324,31.930
2016-01-21,28.980,31.250,31.450,20202443,29.220
2016-01-22,28.200,29.470,29.780,12296996,29.360
2016-01-25,29.400,29.790,30.900,12608077,30.720
2016-01-26,27.650,30.350,30.490,12636688,27.820
2016-01-27,26.880,28.000,29.190,13688706,28.980
2016-01-28,27.130,28.530,28.920,8640408,28.020
2016-01-29,27.700,27.900,29.490,8252094,29.070
2016-02-01,27.800,29.090,29.230,6073984,28.490
2016-02-02,28.600,28.600,29.420,6682202,29.160
2016-02-03,28.000,28.780,28.800,6863177,28.560
2016-02-04,28.610,28.680,29.360,7744826,28.970
2016-02-05,29.050,29.220,31.750,18640778,30.700
2016-02-15,30.010,30.160,32.590,18238578,31.660
2016-02-16,31.080,31.500,32.280,19365477,31.990
2016-02-17,30.900,32.000,32.150,27043220,31.300
2016-02-18,30.650,31.180,31.230,17605192,30.740
2016-02-19,30.550,30.700,31.330,12433177,31.130
2016-02-22,31.000,31.670,31.700,16334968,31.340
2016-02-23,30.300,31.340,31.340,11679294,30.740
2016-02-24,29.700,30.700,30.980,10970876,30.300
2016-02-25,27.900,30.400,31.340,22234554,28.560
2016-02-26,27.770,28.680,28.870,12733211,28.530
2016-02-29,26.280,28.360,28.360,13123343,27.150
2016-03-01,26.500,27.150,27.640,9542352,27.360
2016-03-02,27.370,27.400,28.290,21270835,28.270
2016-03-03,28.000,28.270,28.640,16820643,28.220
2016-03-04,27.730,28.180,29.590,24789805,29.010
2016-03-07,28.500,28.730,29.270,14070833,28.790
2016-03-08,27.270,28.820,28.850,14499947,28.500
2016-03-09,27.610,27.900,28.290,8388883,28.260
2016-03-10,27.500,28.180,28.460,7606016,27.650
2016-03-11,27.010,27.240,27.650,4993164,27.460
2016-03-14,27.700,27.720,28.460,10664584,28.060
2016-03-15,27.680,27.820,28.100,5491514,27.900
2016-03-16,27.880,27.880,28.600,14307644,28.470
2016-03-17,27.980,28.200,29.010,13392380,28.810
2016-03-18,28.700,28.700,29.460,17835285,29.080
2016-03-21,29.110,29.200,29.970,18828695,29.640
2016-03-22,28.960,29.400,29.640,14251001,28.980
2016-03-23,28.630,28.900,29.130,8696132,28.930
2016-03-24,28.430,28.900,28.900,8064926,28.440
2016-03-25,28.380,28.400,29.200,13829815,29.190
2016-03-28,29.120,29.460,29.720,15862819,29.360
2016-03-29,28.650,29.300,29.350,8502121,28.770
2016-03-30,28.960,29.010,30.580,26701788,30.550
2016-03-31,29.850,30.550,30.630,16983220,30.170
2016-04-01,29.090,30.080,30.080,11341115,29.800
2016-04-05,29.630,29.760,30.480,11750212,30.210
2016-04-06,29.820,30.190,30.490,9355622,30.050
2016-04-07,29.800,30.150,30.420,9052176,29.830
2016-04-08,29.300,29.700,29.790,6473165,29.610
2016-04-11,29.690,29.860,30.160,14702373,30.080
2016-04-12,29.780,30.100,30.130,6764055,29.890
2016-04-13,29.640,30.000,30.300,20349049,29.910
2016-04-14,29.690,29.950,30.000,9072696,29.880
2016-04-15,29.750,29.970,30.000,6381036,29.830
2016-04-18,29.180,29.800,29.810,7785349,29.200
2016-04-19,28.910,29.310,29.430,5541938,29.100
2016-04-20,27.110,29.150,29.280,13885088,28.400
2016-04-21,27.900,28.090,28.390,4732191,27.990
2016-04-22,27.750,27.900,28.850,6901845,28.320
2016-04-25,27.650,28.280,28.280,5338140,27.880
2016-04-26,27.800,27.890,28.240,5519086,27.990
2016-04-27,27.880,28.000,28.230,3350290,27.920
2016-04-28,27.480,28.100,28.180,3831172,27.760
2016-04-29,27.520,27.750,28.090,4948030,27.870
2016-05-03,27.870,27.870,29.090,9492577,28.830
2016-05-04,28.610,28.700,29.190,5962504,28.720
2016-05-05,28.310,28.820,28.830,4490147,28.620
2016-05-06,27.900,28.610,28.730,6349496,27.910
2016-05-09,27.130,27.780,27.780,5581839,27.360
2016-05-10,27.120,27.330,27.380,3126085,27.350
2016-05-11,27.310,27.420,28.930,15640719,28.290
2016-05-12,27.350,27.710,27.950,8095340,27.800
2016-05-13,27.450,27.520,28.190,5133817,27.570
2016-05-16,27.370,27.420,27.970,5335530,27.870
2016-05-17,27.600,27.980,28.050,5514487,27.740
2016-05-18,27.000,27.600,27.620,6652692,27.270
2016-05-19,27.200,27.270,27.510,3244142,27.240
2016-05-20,26.700,27.100,27.250,7244687,27.050
2016-05-23,27.010,27.130,27.250,5753088,27.120
2016-05-24,26.800,27.120,27.120,4222916,26.940
2016-05-25,26.810,27.000,27.140,4281694,27.050
2016-05-26,26.710,26.970,27.100,3606868,26.970
2016-05-27,26.800,26.980,27.050,3477805,26.890
2016-05-30,26.510,26.900,26.910,3211118,26.740
2016-05-31,26.800,26.800,27.550,12455883,27.500
2016-06-01,27.270,27.550,27.650,8906601,27.290
2016-06-02,27.180,27.260,27.380,5027867,27.340
2016-06-03,27.350,27.400,28.390,14330371,28.020
2016-06-06,27.520,28.100,28.120,7292166,27.740
2016-06-07,27.710,27.800,28.160,6051236,27.750
2016-06-08,27.510,27.830,27.880,5164309,27.650
2016-06-13,26.810,27.460,27.460,7714610,26.820
2016-06-14,26.560,26.780,26.940,6040820,26.670
2016-06-15,26.410,26.500,27.130,7037015,27.120
2016-06-16,26.770,26.990,26.990,4773870,26.830
2016-06-17,26.830,26.830,27.150,3978154,26.910
2016-06-20,26.770,26.910,27.550,7918497,27.460
2016-06-21,27.010,27.560,27.640,5501582,27.090
2016-06-22,27.100,27.150,27.710,6337293,27.590
2016-06-23,27.300,27.640,27.660,4071343,27.470
2016-06-24,26.500,27.380,27.680,5714077,27.040
2016-06-27,26.900,27.040,27.400,4277654,27.370
2016-06-28,27.200,27.290,30.110,40839886,30.110
2016-06-29,29.380,30.850,30.900,22436049,29.570
2016-06-30,29.580,29.840,30.570,19817094,29.790
2016-07-01,29.490,29.890,30.050,8959485,29.560
2016-07-04,29.280,29.350,30.270,11534126,30.010
2016-07-05,29.740,30.050,30.250,9993145,30.110
2016-07-06,29.780,29.960,31.250,21619104,31.060
2016-07-07,30.750,30.880,33.230,26118449,31.580
2016-07-08,31.010,31.260,32.380,15986652,31.150
2016-07-11,30.960,31.200,32.890,19465986,32.150
2016-07-12,31.800,32.000,33.200,18545840,33.000
2016-07-13,32.350,32.990,33.080,11870753,33.020
2016-07-14,32.450,32.450,33.020,8082471,32.680
2016-07-15,32.360,32.560,32.990,7198400,32.590
2016-07-18,30.960,32.400,32.500,16179702,31.100
2016-07-19,30.700,31.110,31.490,9625686,31.450
2016-07-20,31.200,31.200,31.950,7160448,31.350
2016-07-21,31.020,31.410,32.010,8819497,31.500
2016-07-22,31.020,31.540,31.600,5642308,31.120
2016-07-25,31.000,31.150,31.510,4804500,31.240
2016-07-26,31.200,31.300,31.730,6049874,31.690
2016-07-27,30.280,31.780,32.650,15425971,31.470
2016-07-28,30.770,31.210,32.000,10267819,31.430
2016-07-29,31.280,31.430,32.510,13889440,31.990
2016-08-01,30.470,32.000,32.000,11249609,30.540
2016-08-02,30.000,30.670,30.790,7085030,30.480
2016-08-03,30.100,30.320,30.540,5199584,30.290
2016-08-04,30.230,30.310,30.640,4820617,30.470
2016-08-05,30.420,30.590,30.950,6521691,30.550
2016-08-08,30.110,30.510,31.160,5786678,30.940
2016-08-09,30.660,31.090,31.130,5700478,31.000
2016-08-10,30.400,30.760,30.770,4372055,30.500
2016-08-11,30.180,30.490,30.880,6056392,30.230
2016-08-12,30.010,30.150,31.800,12000259,31.710
2016-08-15,31.320,31.700,32.650,14255941,32.280
2016-08-16,31.660,32.210,32.550,14553222,31.840
2016-08-17,31.660,31.830,32.160,8518573,31.890
2016-08-18,31.700,31.920,33.210,18396499,32.310
2016-08-19,31.500,32.300,32.460,9505031,31.770
2016-08-22,31.060,31.920,31.950,9285299,31.200
2016-08-23,31.110,31.250,32.000,8892926,31.830
2016-08-24,31.400,31.760,31.940,4951595,31.480
2016-08-25,30.360,31.180,31.180,11519308,30.590
2016-08-26,30.570,30.720,31.070,5934528,30.750
2016-08-29,30.750,30.800,31.190,4520653,30.820
2016-08-30,30.820,31.300,31.360,5061586,30.910
2016-08-31,30.820,30.900,31.160,4771475,31.080
2016-09-01,30.750,31.150,31.240,4554864,30.810
2016-09-02,30.620,30.790,31.150,4896813,31.130
2016-09-05,31.040,31.130,31.330,3788706,31.120
2016-09-06,30.570,31.100,31.320,5482084,31.270
2016-09-07,31.150,31.270,31.500,3912560,31.360
2016-09-08,31.270,31.380,31.950,6839653,31.640
2016-09-09,31.020,31.590,31.740,4854154,31.030
2016-09-12,30.000,30.670,30.670,8490700,30.350
2016-09-13,30.010,30.370,30.490,3507084,30.270
2016-09-14,29.990,30.230,30.230,3199505,30.200
2016-09-19,30.200,30.200,31.010,6950327,30.860
2016-09-20,30.600,30.800,30.920,2687114,30.870
2016-09-21,30.700,30.800,31.050,2775348,30.950
2016-09-22,31.040,31.040,31.520,4318714,31.090
2016-09-23,31.080,31.120,31.330,3135505,31.170
2016-09-26,30.260,31.100,31.290,3265650,30.430
2016-09-27,30.360,30.480,30.700,3165673,30.680
2016-09-28,30.320,30.850,30.850,2450791,30.410
2016-09-29,30.270,30.270,30.800,3116379,30.550
2016-09-30,30.430,30.430,30.870,3854658,30.530
2016-10-10,30.660,30.700,31.450,6184032,31.220
2016-10-11,31.050,31.180,31.360,4494357,31.260
2016-10-12,31.020,31.250,31.250,3252957,31.170
2016-10-13,30.900,31.080,31.290,4499073,31.070
2016-10-14,30.600,31.070,31.120,4947229,30.850
2016-10-17,30.670,30.670,31.160,3740186,30.760
2016-10-18,30.630,30.630,31.010,3099170,30.990
2016-10-19,30.920,31.010,31.460,5828782,31.200
2016-10-20,31.040,31.150,31.270,3885433,31.140
2016-10-21,30.810,31.140,31.330,3269076,30.960
2016-10-24,30.960,30.970,31.750,10839545,31.430
2016-10-25,31.410,31.410,32.270,12324393,32.220
2016-10-26,31.770,32.170,32.460,7234866,31.940
2016-10-27,31.730,31.750,32.070,4715852,31.850
2016-10-28,31.600,31.730,31.970,4381407,31.640
2016-10-31,31.270,31.600,31.610,4097658,31.390
2016-11-01,31.390,31.390,31.730,4621840,31.670
2016-11-02,31.250,31.500,31.900,5436925,31.410
2016-11-03,31.240,31.240,31.660,4137196,31.560
2016-11-04,31.390,31.550,31.770,4056077,31.510
2016-11-07,31.340,31.510,31.640,2704271,31.420
2016-11-08,31.430,31.550,31.680,6064516,31.610
2016-11-09,31.000,31.620,31.820,5762207,31.250
2016-11-10,31.350,31.350,31.650,4833907,31.590
2016-11-11,31.310,31.590,31.590,6055395,31.490
2016-11-14,31.190,31.250,31.600,4610059,31.550
2016-11-15,31.430,31.550,31.890,6416531,31.810
2016-11-16,31.750,31.830,32.090,5921697,31.770
2016-11-17,31.410,31.750,31.750,4420034,31.660
2016-11-18,31.680,31.680,32.570,12746763,31.980
2016-11-21,31.860,31.960,33.410,19821299,32.960
2016-11-22,32.570,32.900,33.180,10764255,32.730
2016-11-23,32.400,32.730,33.060,8880868,32.540
2016-11-24,32.430,32.440,35.070,29087146,34.710
2016-11-25,33.750,34.450,34.560,19441755,34.250
2016-11-28,33.660,34.560,35.690,19184806,33.940
2016-11-29,33.390,33.610,35.340,22119576,34.690
2016-11-30,33.600,34.310,34.970,17970851,34.270
2016-12-01,34.090,34.290,35.320,17558615,34.850
2016-12-02,34.610,34.850,35.820,22610211,34.990
2016-12-05,31.610,33.370,33.870,30218237,32.520
2016-12-06,31.750,32.370,32.490,16291018,32.210
2016-12-07,32.150,32.160,32.420,7443548,32.390
2016-12-08,31.960,32.410,32.480,5960166,32.090
2016-12-09,31.890,32.180,32.650,8980499,32.400
2016-12-12,31.000,32.230,32.280,13460426,31.450
2016-12-13,31.000,31.410,31.500,5439341,31.400
2016-12-14,31.100,31.310,31.700,7447494,31.540
2016-12-15,31.230,31.480,31.830,6576612,31.400
2016-12-16,31.200,31.380,31.570,4841502,31.360
2016-12-19,31.260,31.430,31.580,4918060,31.550
2016-12-20,31.060,31.360,31.560,5001179,31.290
2016-12-21,31.220,31.290,31.400,8951237,31.350
2016-12-22,31.210,31.350,31.640,4842465,31.490
2016-12-23,31.410,31.540,31.730,4395125,31.510
2016-12-26,31.000,31.510,31.770,7742986,31.200
2016-12-27,31.000,31.250,31.390,5006691,31.310
2016-12-28,31.070,31.200,31.360,3535006,31.090
2016-12-29,30.270,31.010,31.050,8128447,30.620
2016-12-30,30.600,30.600,31.680,13008301,31.380
2017-01-03,30.690,31.350,31.500,9326575,31.400
2017-01-04,31.170,31.290,31.760,9470709,31.580
2017-01-05,31.310,31.620,31.650,4589094,31.350
2017-01-06,30.950,31.440,31.440,5155580,31.040
2017-01-09,30.970,31.040,31.320,6175217,31.090
2017-01-10,30.890,31.090,31.160,4673636,30.900
2017-01-11,30.600,30.830,30.970,3445230,30.650
2017-01-12,29.540,30.660,30.660,12162785,29.750
2017-01-13,29.540,29.830,29.900,5725852,29.870
2017-01-16,29.500,29.850,30.100,9279803,29.980
2017-01-17,29.800,29.980,30.080,4626187,30.060
2017-01-18,29.900,30.060,30.250,4496294,30.150
2017-01-19,29.960,30.180,30.180,2873435,30.040
2017-01-20,29.900,29.930,30.330,2880388,30.260
2017-01-23,30.150,30.250,30.440,2951463,30.390
2017-01-24,30.270,30.390,30.460,2586553,30.310
2017-01-25,30.230,30.340,30.480,2772545,30.430
2017-01-26,30.230,30.450,30.470,4132500,30.410
2017-02-03,30.310,30.410,30.500,3704941,30.360
2017-02-06,30.260,30.340,30.420,2456596,30.350
2017-02-07,30.150,30.310,30.470,2811060,30.190
2017-02-08,30.090,30.200,30.260,5443150,30.220
2017-02-09,30.180,30.220,30.350,4473010,30.330
2017-02-10,30.260,30.360,30.460,5676899,30.450
2017-02-13,30.350,30.360,30.750,8676303,30.690
2017-02-14,30.480,30.710,30.720,6278218,30.680
2017-02-15,30.300,30.660,30.660,5200186,30.350
2017-02-16,30.210,30.350,30.420,4107084,30.390
2017-02-17,30.150,30.380,30.490,4248111,30.270
2017-02-20,30.110,30.200,30.750,7341417,30.730
2017-02-21,30.650,30.780,30.950,6332592,30.760
2017-02-22,30.650,30.760,31.000,6687908,30.970
2017-02-23,30.590,31.000,31.100,9790717,30.920
2017-02-24,30.650,30.920,30.960,4923624,30.780
2017-02-27,30.500,30.730,30.750,4204000,30.560
2017-02-28,30.390,30.580,30.750,4631179,30.540
2017-03-01,30.480,30.540,30.670,4026772,30.590
2017-03-02,30.460,30.620,30.690,3558159,30.560
2017-03-03,30.330,30.570,30.630,2888725,30.570
2017-03-06,30.470,30.580,30.760,3846740,30.700
2017-03-07,30.580,30.700,30.830,5501169,30.830
2017-03-08,30.760,30.850,31.070,5969850,31.020
2017-03-09,30.560,31.010,31.010,3220110,30.700
2017-03-10,30.680,30.710,31.480,8750236,31.150
2017-03-13,30.970,31.150,31.730,9857902,31.620
2017-03-14,31.300,31.620,31.790,5540660,31.490
2017-03-15,31.300,31.430,31.590,4906104,31.550
2017-03-16,31.380,31.560,31.720,4544264,31.520
2017-03-17,30.920,31.460,31.500,7394407,31.030
2017-03-20,30.950,31.000,31.650,7634427,31.620
2017-03-21,31.500,31.600,32.680,15804203,32.360
2017-03-22,32.020,32.250,33.430,18609061,33.050
2017-03-23,32.400,33.000,33.170,11341901,32.810
2017-03-24,32.600,32.700,33.000,7587474,32.690
2017-03-27,32.180,32.800,32.880,7538567,32.450
2017-03-28,31.550,32.000,32.150,10343204,31.780
2017-03-29,31.590,31.780,31.900,5700928,31.660
2017-03-30,30.960,31.500,31.640,8655291,31.320
2017-03-31,31.120,31.250,31.750,5852881,31.610
2017-04-05,31.560,31.890,32.130,11255539,31.660
2017-04-06,31.340,31.660,31.800,6021523,31.790
2017-04-07,31.560,31.700,31.800,5041567,31.590
2017-04-10,30.960,31.510,31.520,7410159,31.100
2017-04-11,30.690,31.100,31.260,9819665,31.020
2017-04-12,30.720,30.970,31.370,5540896,31.230
2017-04-13,31.100,31.200,31.410,3723892,31.320
2017-04-14,31.010,31.130,31.290,3588611,31.120
2017-04-17,30.850,31.000,31.480,5121873,31.480
2017-04-18,31.400,31.500,31.970,9210781,31.780
2017-04-19,31.170,31.590,32.200,10223578,31.960
2017-04-20,31.830,31.850,33.190,18214075,32.680
2017-04-21,32.060,32.600,32.660,8843436,32.540
2017-04-24,31.000,32.360,32.360,7483471,32.100
2017-04-25,31.400,31.830,32.100,6353911,31.490
2017-04-26,31.400,31.400,32.320,9148828,31.710
2017-04-27,30.680,31.450,31.460,12428924,31.250
2017-04-28,30.800,31.190,31.250,6910686,31.030
2017-05-02,30.730,31.070,31.090,4354485,30.990
2017-05-03,30.730,30.990,31.150,4748496,30.940
2017-05-04,30.730,30.850,31.080,4356725,31.000
2017-05-05,30.080,30.840,31.100,8511952,31.070
2017-05-08,30.570,30.780,31.180,7172268,31.170
2017-05-09,30.680,31.000,31.080,3271233,30.810
2017-05-10,30.660,30.830,30.980,4773681,30.810
2017-05-11,30.280,30.680,30.980,6660750,30.920
2017-05-12,30.760,30.930,31.120,4091867,30.960
2017-05-15,30.860,30.870,31.530,7229740,31.510
2017-05-16,31.210,31.530,31.640,8232574,31.590
2017-05-17,31.080,31.590,31.620,5730216,31.130
2017-05-18,30.800,30.950,31.330,4141383,31.320
2017-05-19,31.210,31.390,31.870,6964966,31.690
2017-05-22,31.350,31.690,32.230,6890996,31.940
2017-05-23,31.450,31.850,32.570,10658945,32.450
2017-05-24,31.500,32.200,32.300,10112197,32.070
2017-05-25,31.760,31.850,32.280,6774342,32.160
2017-05-26,31.820,32.150,32.240,4996572,32.040
2017-05-31,31.760,32.100,32.360,7068435,32.290
2017-06-01,31.960,32.200,32.720,9889033,32.580
2017-06-02,32.200,32.450,32.650,5055660,32.400
2017-06-05,31.680,32.400,32.410,6498643,31.720
2017-06-06,31.740,31.740,32.150,4152584,32.100
2017-06-07,31.940,32.140,32.270,6289922,32.240
2017-06-08,32.080,32.240,33.260,13223176,33.170
2017-06-09,32.880,33.000,33.830,13099694,33.120
2017-06-12,32.930,33.100,34.160,15661549,33.870
2017-06-13,33.560,33.620,33.890,6421882,33.730
2017-06-14,32.800,33.250,33.430,9574382,32.940
2017-06-15,32.700,32.820,33.180,6773242,33.160
2017-06-16,32.700,33.160,33.160,5120294,32.720
2017-06-19,32.700,32.800,32.980,5721682,32.880
2017-06-20,32.640,32.830,33.080,6226312,32.740
2017-06-21,32.750,32.970,34.490,15184437,34.450
2017-06-22,33.570,34.250,34.870,15167556,33.780
2017-06-23,33.680,33.680,35.200,14855101,35.150
2017-06-26,34.810,35.000,36.100,17840900,35.190
2017-06-27,34.930,35.210,35.700,9518952,35.450
2017-06-28,34.650,35.260,35.260,8057547,34.800
2017-06-29,34.550,34.760,35.100,7447360,34.800
2017-06-30,34.540,34.760,35.130,9930266,34.960
2017-07-03,34.310,34.890,35.000,8166508,34.530
2017-07-04,33.980,34.450,34.450,8267434,34.150
2017-07-05,34.050,34.140,34.660,8925865,34.640
2017-07-06,33.740,34.650,34.670,8816761,34.190
2017-07-07,33.580,34.000,34.000,6554939,33.840
2017-07-10,33.110,33.880,33.890,7659827,33.430
2017-07-11,33.360,33.450,33.960,7640184,33.660
2017-07-12,33.100,33.600,33.700,5697824,33.600
2017-07-13,33.500,33.620,34.080,7834756,33.670
2017-07-14,33.300,33.670,34.020,5757651,34.010
2017-07-17,32.700,34.030,34.060,8905640,32.810
2017-07-18,32.310,32.770,32.990,6131333,32.580
2017-07-19,32.110,32.470,32.870,7888103,32.830
2017-07-20,32.650,32.800,33.040,5181734,33.000
2017-07-21,32.810,33.000,33.180,4473551,32.970
2017-07-24,32.750,32.920,33.180,4658703,33.060
2017-07-25,33.020,33.080,33.520,5384821,33.270
2017-07-26,32.380,33.260,33.280,6339753,32.580
2017-07-27,32.090,32.410,32.790,4315326,32.630
2017-07-28,32.430,32.600,33.030,4168824,32.780
2017-07-31,32.570,32.780,32.930,3627883,32.870
2017-08-01,32.750,32.870,33.080,4078551,33.080
2017-08-02,32.300,33.000,33.060,6115730,32.380
2017-08-03,32.150,32.150,32.570,3717494,32.300
2017-08-04,32.180,32.300,32.450,3671297,32.200
2017-08-07,32.090,32.190,32.350,6639812,32.130
2017-08-08,31.690,32.160,32.210,6073899,31.970
2017-08-09,31.840,31.850,32.450,5419202,32.300
2017-08-10,32.160,32.280,32.600,5307727,32.390
2017-08-11,32.120,32.300,32.440,4218769,32.230
2017-08-14,32.160,32.160,32.750,5440230,32.630
2017-08-15,32.450,32.680,32.820,3932900,32.600
2017-08-16,32.150,32.400,32.510,3364304,32.330
2017-08-17,32.300,32.480,32.790,5097013,32.750
2017-08-18,32.510,32.740,32.740,3212332,32.560
2017-08-21,32.510,32.640,32.900,4157070,32.710
2017-08-22,32.540,32.610,32.750,2674084,32.640
2017-08-23,32.110,32.500,32.600,4063803,32.150
2017-08-24,31.780,32.160,32.230,4381759,31.860
2017-08-25,31.860,31.860,32.170,2932827,32.150
2017-08-28,32.000,32.050,32.360,5117613,32.250
2017-08-29,32.260,32.350,32.540,4223151,32.310
2017-08-30,32.160,32.260,32.440,4180525,32.240
2017-08-31,31.900,32.240,32.360,4058836,32.270
2017-09-01,31.950,32.080,32.250,3645424,32.050
2017-09-04,31.770,32.050,32.140,6252926,31.990
2017-09-05,31.880,31.880,32.120,3774846,32.030
2017-09-06,31.800,31.900,32.180,4366501,32.120
2017-09-07,31.950,32.130,32.150,2931001,31.960
2017-09-08,31.810,31.920,32.100,2986651,31.920
2017-09-11,31.670,31.870,31.900,4943118,31.740
2017-09-12,31.220,31.740,31.800,7873813,31.340
2017-09-13,31.270,31.300,31.470,3488193,31.380
2017-09-14,31.380,31.380,31.690,3891125,31.670
2017-09-15,31.370,31.750,31.790,3576281,31.600
2017-09-18,31.400,31.610,31.780,2911468,31.700
2017-09-19,31.350,31.710,31.710,3639461,31.460
2017-09-20,31.350,31.420,31.560,2360608,31.530
2017-09-21,31.310,31.550,31.550,3097884,31.330
2017-09-22,31.220,31.320,31.400,2302919,31.320
2017-09-25,31.320,31.320,32.310,11998805,32.030
2017-09-26,31.800,32.100,32.160,4932371,31.850
2017-09-27,31.850,31.870,32.080,3451617,31.880
2017-09-28,31.820,31.910,32.130,5238763,32.080
2017-09-29,32.090,32.210,32.660,8168773,32.410
2017-10-09,32.320,32.580,32.680,7985244,32.430
2017-10-10,32.450,32.450,32.980,8425994,32.870
2017-10-11,32.670,32.880,33.250,9916604,32.730
2017-10-12,32.310,32.760,32.850,6245038,32.490
